   0.0000000000000000        2.3849999999999998     
   1.0000000000000000E-002   2.2817344999999998     
   2.0000000000000000E-002   2.1886042534301948     
   2.9999999999999999E-002   2.1042954818675401     
   4.0000000000000001E-002   2.0277182923673771     
   5.0000000000000003E-002   1.9579604629033516     
   6.0000000000000005E-002   1.8942522794174974     
   7.0000000000000007E-002   1.8359394454559297     
   8.0000000000000002E-002   1.7824619725083091     
   8.9999999999999997E-002   1.7333375588395448     
   9.9999999999999992E-002   1.6881483769818681     
  0.10999999999999999        1.6465304781277379     
  0.11999999999999998        1.6081652258196668     
  0.12999999999999998        1.5727723179489543     
  0.13999999999999999        1.5401040626668239     
  0.14999999999999999        1.5099406521899668     
  0.16000000000000000        1.4820862367272496     
  0.17000000000000001        1.4563656444653228     
  0.18000000000000002        1.4326216266577450     
  0.19000000000000003        1.4107125321543954     
  0.20000000000000004        1.3905103351868462     
  0.21000000000000005        1.3718989553416174     
  0.22000000000000006        1.3547728204682690     
  0.23000000000000007        1.3390356325666779     
  0.24000000000000007        1.3245993040610131     
  0.25000000000000006        1.3113830377346347     
  0.26000000000000006        1.2993125283014724     
  0.27000000000000007        1.2883192673774491     
  0.28000000000000008        1.2783399366835297     
  0.29000000000000009        1.2693158768091288     
  0.30000000000000010        1.2611926209067343     
  0.31000000000000011        1.2539194843661423     
  0.32000000000000012        1.2474492029006812     
  0.33000000000000013        1.2417376126243302     
  0.34000000000000014        1.2367433666522107     
  0.35000000000000014        1.2324276835530459     
  0.36000000000000015        1.2287541236492874     
  0.37000000000000016        1.2256883897215849     
  0.38000000000000017        1.2231981491476192     
  0.39000000000000018        1.2212528749060558     
  0.40000000000000019        1.2198237032167296     
  0.41000000000000020        1.2188833058781421     
  0.42000000000000021        1.2184057756111735     
  0.43000000000000022        1.2183665229303202     
  0.44000000000000022        1.2187421832463738     
  0.45000000000000023        1.2195105330618912     
  0.46000000000000024        1.2206504142569132     
  0.47000000000000025        1.2221416655804018     
  0.48000000000000026        1.2239650605654491     
  0.49000000000000027        1.2261022511757493     
  0.50000000000000022        1.2285357165689845     
  0.51000000000000023        1.2312487164312711     
  0.52000000000000024        1.2342252483969980     
  0.53000000000000025        1.2374500091213854     
  0.54000000000000026        1.2409083586198950     
  0.55000000000000027        1.2445862875300406     
  0.56000000000000028        1.2484703869878844     
  0.57000000000000028        1.2525478208441709     
  0.58000000000000029        1.2568062999741414     
  0.59000000000000030        1.2612340584610475     
  0.60000000000000031        1.2658198314566049     
  0.61000000000000032        1.2705528345424284     
  0.62000000000000033        1.2754227444351525     
  0.63000000000000034        1.2804196808947026     
  0.64000000000000035        1.2855341897102528     
  0.65000000000000036        1.2907572266519729     
  0.66000000000000036        1.2960801422888870     
  0.67000000000000037        1.3014946675841754     
  0.68000000000000038        1.3069929001891745     
  0.69000000000000039        1.3125672913662763     
  0.70000000000000040        1.3182106334789843     
  0.71000000000000041        1.3239160479946430     
  0.72000000000000042        1.3296769739518879     
  0.73000000000000043        1.3354871568507309     
  0.74000000000000044        1.3413406379284660     
  0.75000000000000044        1.3472317437892991     
  0.76000000000000045        1.3531550763598281     
  0.77000000000000046        1.3591055031462607     
  0.78000000000000047        1.3650781477726117     
  0.79000000000000048        1.3710683807820856     
  0.80000000000000049        1.3770718106864774     
  0.81000000000000050        1.3830842752507309     
  0.82000000000000051        1.3891018330018141     
  0.83000000000000052        1.3951207549528342     
  0.84000000000000052        1.4011375165348308     
  0.85000000000000053        1.4071487897300030     
  0.86000000000000054        1.4131514354012309     
  0.87000000000000055        1.4191424958136998     
  0.88000000000000056        1.4251191873452131     
  0.89000000000000057        1.4310788933824234     
  0.90000000000000058        1.4370191574007303     
  0.91000000000000059        1.4429376762259962     
  0.92000000000000060        1.4488322934765467     
  0.93000000000000060        1.4547009931841366     
  0.94000000000000061        1.4605418935927184     
  0.95000000000000062        1.4663532411339304     
  0.96000000000000063        1.4721334045782508     
  0.97000000000000064        1.4778808693607477     
  0.98000000000000065        1.4835942320802982     
  0.99000000000000066        1.4892721951710597     
   1.0000000000000007        1.4949135617448672     
   1.0100000000000007        1.5005172306030927     
   1.0200000000000007        1.5060821914163571     
   1.0300000000000007        1.5116075200703272     
   1.0400000000000007        1.5170923741756639     
   1.0500000000000007        1.5225359887400249     
   1.0600000000000007        1.5279376719998536     
   1.0700000000000007        1.5332968014095270     
   1.0800000000000007        1.5386128197852733     
   1.0900000000000007        1.5438852316011216     
   1.1000000000000008        1.5491135994340006     
   1.1100000000000008        1.5542975405549733     
   1.1200000000000008        1.5594367236634685     
   1.1300000000000008        1.5645308657612635     
   1.1400000000000008        1.5695797291628697     
   1.1500000000000008        1.5745831186388899     
   1.1600000000000008        1.5795408786888385     
   1.1700000000000008        1.5844528909398563     
   1.1800000000000008        1.5893190716677030     
   1.1900000000000008        1.5941393694363692     
   1.2000000000000008        1.5989137628526295     
   1.2100000000000009        1.6036422584318384     
   1.2200000000000009        1.6083248885712711     
   1.2300000000000009        1.6129617096273152     
   1.2400000000000009        1.6175528000928379     
   1.2500000000000009        1.6220982588710742     
   1.2600000000000009        1.6265982036424227     
   1.2700000000000009        1.6310527693205676     
   1.2800000000000009        1.6354621065944017     
   1.2900000000000009        1.6398263805522777     
   1.3000000000000009        1.6441457693851740     
   1.3100000000000009        1.6484204631654307     
   1.3200000000000010        1.6526506626977799     
   1.3300000000000010        1.6568365784394716     
   1.3400000000000010        1.6609784294863714     
   1.3500000000000010        1.6650764426219913     
   1.3600000000000010        1.6691308514264973     
   1.3700000000000010        1.6731418954428225     
   1.3800000000000010        1.6771098193971026     
   1.3900000000000010        1.6810348724707389     
   1.4000000000000010        1.6849173076214847     
   1.4100000000000010        1.6887573809510361     
   1.4200000000000010        1.6925553511167042     
   1.4300000000000010        1.6963114787848284     
   1.4400000000000011        1.7000260261236850     
   1.4500000000000011        1.7036992563337272     
   1.4600000000000011        1.7073314332130853     
   1.4700000000000011        1.7109228207563363     
   1.4800000000000011        1.7144736827846399     
   1.4900000000000011        1.7179842826054175     
   1.5000000000000011        1.7214548826998324     
   1.5100000000000011        1.7248857444364105     
   1.5200000000000011        1.7282771278092115     
   1.5300000000000011        1.7316292911990423     
   1.5400000000000011        1.7349424911562723     
   1.5500000000000012        1.7382169822038818     
   1.5600000000000012        1.7414530166594424     
   1.5700000000000012        1.7446508444747970     
   1.5800000000000012        1.7478107130922647     
   1.5900000000000012        1.7509328673162630     
   1.6000000000000012        1.7540175491992960     
   1.6100000000000012        1.7570649979413140     
   1.6200000000000012        1.7600754498015039     
   1.6300000000000012        1.7630491380216247     
   1.6400000000000012        1.7659862927600487     
   1.6500000000000012        1.7688871410357212     
   1.6600000000000013        1.7717519066812906     
   1.6700000000000013        1.7745808103047149     
   1.6800000000000013        1.7773740692586801     
   1.6900000000000013        1.7801318976172169     
   1.7000000000000013        1.7828545061589314     
   1.7100000000000013        1.7855421023563072     
   1.7200000000000013        1.7881948903705676     
   1.7300000000000013        1.7908130710516195     
   1.7400000000000013        1.7933968419426329     
   1.7500000000000013        1.7959463972888368     
   1.7600000000000013        1.7984619280501417     
   1.7700000000000014        1.8009436219172250     
   1.7800000000000014        1.8033916633307383     
   1.7900000000000014        1.8058062335033223     
   1.8000000000000014        1.8081875104441332     
   1.8100000000000014        1.8105356689856102     
   1.8200000000000014        1.8128508808122268     
   1.8300000000000014        1.8151333144909936     
   1.8400000000000014        1.8173831355034924     
   1.8500000000000014        1.8196005062792424     
   1.8600000000000014        1.8217855862302090     
   1.8700000000000014        1.8239385317862862     
   1.8800000000000014        1.8260594964315919     
   1.8900000000000015        1.8281486307414319     
   1.9000000000000015        1.8302060824197963     
   1.9100000000000015        1.8322319963372680     
   1.9200000000000015        1.8342265145692269     
   1.9300000000000015        1.8361897764342514     
   1.9400000000000015        1.8381219185326181     
   1.9500000000000015        1.8400230747848174     
   1.9600000000000015        1.8418933764700061     
   1.9700000000000015        1.8437329522643244     
   1.9800000000000015        1.8455419282790180     
   1.9900000000000015        1.8473204280983013     
   2.0000000000000013        1.8490685728169156     
   2.0100000000000011        1.8507864810773320     
   2.0200000000000009        1.8524742691065597     
   2.0300000000000007        1.8541320507525221     
   2.0400000000000005        1.8557599375199669     
   2.0500000000000003        1.8573580386058848     
   2.0600000000000001        1.8589264609344067     
   2.0699999999999998        1.8604653091911643     
   2.0799999999999996        1.8619746858570887     
   2.0899999999999994        1.8634546912416365     
   2.0999999999999992        1.8649054235154272     
   2.1099999999999990        1.8663269787422820     
   2.1199999999999988        1.8677194509106561     
   2.1299999999999986        1.8690829319644560     
   2.1399999999999983        1.8704175118332391     
   2.1499999999999981        1.8717232784617903     
   2.1599999999999979        1.8730003178390753     
   2.1699999999999977        1.8742487140265698     
   2.1799999999999975        1.8754685491859648     
   2.1899999999999973        1.8766599036062506     
   2.1999999999999971        1.8778228557301821     
   2.2099999999999969        1.8789574821801289     
   2.2199999999999966        1.8800638577833151     
   2.2299999999999964        1.8811420555964535     
   2.2399999999999962        1.8821921469297804     
   2.2499999999999960        1.8832142013704978     
   2.2599999999999958        1.8842082868056274     
   2.2699999999999956        1.8851744694442873     
   2.2799999999999954        1.8861128138393963     
   2.2899999999999952        1.8870233829088130     
   2.2999999999999949        1.8879062379559206     
   2.3099999999999947        1.8887614386896630     
   2.3199999999999945        1.8895890432440421     
   2.3299999999999943        1.8903891081970834     
   2.3399999999999941        1.8911616885892801     
   2.3499999999999939        1.8919068379415229     
   2.3599999999999937        1.8926246082725251     
   2.3699999999999934        1.8933150501157505     
   2.3799999999999932        1.8939782125358544     
   2.3899999999999930        1.8946141431446442     
   2.3999999999999928        1.8952228881165698     
   2.4099999999999926        1.8958044922037516     
   2.4199999999999924        1.8963589987505531     
   2.4299999999999922        1.8968864497077091     
   2.4399999999999920        1.8973868856460148     
   2.4499999999999917        1.8978603457695851     
   2.4599999999999915        1.8983068679286921     
   2.4699999999999913        1.8987264886321873     
   2.4799999999999911        1.8991192430595170     
   2.4899999999999909        1.8994851650723379     
   2.4999999999999907        1.8998242872257403     
   2.5099999999999905        1.9001366407790845     
   2.5199999999999902        1.9004222557064601     
   2.5299999999999900        1.9006811607067715     
   2.5399999999999898        1.9009133832134588     
   2.5499999999999896        1.9011189494038581     
   2.5599999999999894        1.9012978842082096     
   2.5699999999999892        1.9014502113183174     
   2.5799999999999890        1.9015759531958680     
   2.5899999999999888        1.9016751310804125     
   2.5999999999999885        1.9017477649970185     
   2.6099999999999883        1.9017938737635953     
   2.6199999999999881        1.9018134749979005     
   2.6299999999999879        1.9018065851242287     
   2.6399999999999877        1.9017732193797912     
   2.6499999999999875        1.9017133918207878     
   2.6599999999999873        1.9016271153281774     
   2.6699999999999871        1.9015144016131502     
   2.6799999999999868        1.9013752612223060     
   2.6899999999999866        1.9012097035425422     
   2.6999999999999864        1.9010177368056558     
   2.7099999999999862        1.9007993680926618     
   2.7199999999999860        1.9005546033378327     
   2.7299999999999858        1.9002834473324601     
   2.7399999999999856        1.8999859037283455     
   2.7499999999999853        1.8996619750410173     
   2.7599999999999851        1.8993116626526827     
   2.7699999999999849        1.8989349668149129     
   2.7799999999999847        1.8985318866510659     
   2.7899999999999845        1.8981024201584489     
   2.7999999999999843        1.8976465642102218     
   2.8099999999999841        1.8971643145570447     
   2.8199999999999839        1.8966556658284708     
   2.8299999999999836        1.8961206115340861     
   2.8399999999999834        1.8955591440643982     
   2.8499999999999832        1.8949712546914752     
   2.8599999999999830        1.8943569335693355     
   2.8699999999999828        1.8937161697340914     
   2.8799999999999826        1.8930489511038444     
   2.8899999999999824        1.8923552644783372     
   2.8999999999999821        1.8916350955383598     
   2.9099999999999819        1.8908884288449117     
   2.9199999999999817        1.8901152478381202     
   2.9299999999999815        1.8893155348359172     
   2.9399999999999813        1.8884892710324708     
   2.9499999999999811        1.8876364364963758     
   2.9599999999999809        1.8867570101686013     
   2.9699999999999807        1.8858509698601944     
   2.9799999999999804        1.8849182922497418     
   2.9899999999999802        1.8839589528805885     
