   0.0000000000000000       0.19999999999999973     
  0.20000000000000001       0.57599999999999985     
  0.40000000000000002        1.0112896000000000     
  0.60000000000000009        1.3302069379727361     
  0.80000000000000004        1.4944267388404151     
   1.0000000000000000        1.6011022277359359     
   1.2000000000000000        1.6876908902715453     
   1.3999999999999999        1.7563706738293208     
   1.5999999999999999        1.8104354962742559     
   1.7999999999999998        1.8513648218063317     
   1.9999999999999998        1.8803441404375354     
   2.1999999999999997        1.8980665058464257     
   2.3999999999999999        1.9050039216000019     
   2.6000000000000001        1.9013879450754474     
   2.8000000000000003        1.8872774980041545     
