   3.1836460843231412E-314  0.50500000000000000     
   1.0000000000000000E-002  0.51039849999999998     
   2.0000000000000000E-002  0.51618436742395502     
   2.9999999999999999E-002  0.52234644140049769     
   4.0000000000000001E-002  0.52887352530362242     
   5.0000000000000003E-002  0.53575438118828078     
   6.0000000000000005E-002  0.54297772604903205     
   7.0000000000000007E-002  0.55053222982932448     
   8.0000000000000002E-002  0.55840651510770756     
   8.9999999999999997E-002  0.56658915838541291     
   9.9999999999999992E-002  0.57506869289741513     
  0.10999999999999999       0.58383361286640034     
  0.11999999999999998       0.59287237911614765     
  0.12999999999999998       0.60217342595777079     
  0.13999999999999999       0.61172516925917642     
  0.14999999999999999       0.62151601560507308     
  0.16000000000000000       0.63153437245200095     
  0.17000000000000001       0.64176865918023407     
  0.18000000000000002       0.65220731894211414     
  0.19000000000000003       0.66283883120448095     
  0.20000000000000004       0.67365172488143055     
  0.21000000000000005       0.68463459195271603     
  0.22000000000000006       0.69577610146275082     
  0.23000000000000007       0.70706501379541675     
  0.24000000000000007       0.71849019512074652     
  0.25000000000000006       0.73004063191105351     
  0.26000000000000006       0.74170544542623174     
  0.27000000000000007       0.75347390607073328     
  0.28000000000000008       0.76533544752814353     
  0.29000000000000009       0.77727968058328145     
  0.30000000000000010       0.78929640654632849     
  0.31000000000000011       0.80137563019858959     
  0.32000000000000012       0.81350757218506586     
  0.33000000000000013       0.82568268078501705     
  0.34000000000000014       0.83789164299805041     
  0.35000000000000014       0.85012539488993100     
  0.36000000000000015       0.86237513114919573     
  0.37000000000000016       0.87463231381270390     
  0.38000000000000017       0.88688868012539657     
  0.39000000000000018       0.89913624950670523     
  0.40000000000000019       0.91136732960316558     
  0.41000000000000020       0.92357452141380547     
  0.42000000000000021       0.93575072348171073     
  0.43000000000000022       0.94788913515177986     
  0.44000000000000022       0.95998325890100411     
  0.45000000000000023       0.97202690175360029     
  0.46000000000000024       0.98401417579894623     
  0.47000000000000025       0.99593949783548064     
  0.48000000000000026        1.0077975881685048     
  0.49000000000000027        1.0195834685941398     
  0.50000000000000022        1.0312924596055306     
  0.51000000000000023        1.0429201768607461     
  0.52000000000000024        1.0544625269546812     
  0.53000000000000025        1.0659157025396482     
  0.54000000000000026        1.0772761768412364     
  0.55000000000000027        1.0885406976174430     
  0.56000000000000028        1.0997062806100537     
  0.57000000000000028        1.1107702025377897     
  0.58000000000000029        1.1217299936808729     
  0.59000000000000030        1.1325834301064071     
  0.60000000000000031        1.1433285255833752     
  0.61000000000000032        1.1539635232351222     
  0.62000000000000033        1.1644868869759779     
  0.63000000000000034        1.1748972927771979     
  0.64000000000000035        1.1851936198056940     
  0.65000000000000036        1.1953749414771315     
  0.66000000000000036        1.2054405164629025     
  0.67000000000000037        1.2153897796882955     
  0.68000000000000038        1.2252223333568804     
  0.69000000000000039        1.2349379380337508     
  0.70000000000000040        1.2445365038178497     
  0.71000000000000041        1.2540180816311466     
  0.72000000000000042        1.2633828546499895     
  0.73000000000000043        1.2726311299015183     
  0.74000000000000044        1.2817633300456299     
  0.75000000000000044        1.2907799853606368     
  0.76000000000000045        1.2996817259484847     
  0.77000000000000046        1.3084692741731960     
  0.78000000000000047        1.3171434373440893     
  0.79000000000000048        1.3257051006533174     
  0.80000000000000049        1.3341552203753528     
  0.81000000000000050        1.3424948173342568     
  0.82000000000000051        1.3507249706428701     
  0.83000000000000052        1.3588468117165065     
  0.84000000000000052        1.3668615185622641     
  0.85000000000000053        1.3747703103437374     
  0.86000000000000054        1.3825744422196851     
  0.87000000000000055        1.3902752004541037     
  0.88000000000000056        1.3978738977941498     
  0.89000000000000057        1.4053718691114656     
  0.90000000000000058        1.4127704673016686     
  0.91000000000000059        1.4200710594360730     
  0.92000000000000060        1.4272750231591151     
  0.93000000000000060        1.4343837433244382     
  0.94000000000000061        1.4413986088621698     
  0.95000000000000062        1.4483210098695738     
  0.96000000000000063        1.4551523349169813     
  0.97000000000000064        1.4618939685606944     
  0.98000000000000065        1.4685472890544118     
  0.99000000000000066        1.4751136662506306     
   1.0000000000000007        1.4815944596834432     
   1.0100000000000007        1.4879910168241497     
   1.0200000000000007        1.4943046715011623     
   1.0300000000000007        1.5005367424757583     
   1.0400000000000007        1.5066885321653631     
   1.0500000000000007        1.5127613255061909     
   1.0600000000000007        1.5187563889472460     
   1.0700000000000007        1.5246749695678845     
   1.0800000000000007        1.5305182943113480     
   1.0900000000000007        1.5362875693269136     
   1.1000000000000008        1.5419839794135457     
   1.1100000000000008        1.5476086875581851     
   1.1200000000000008        1.5531628345620738     
   1.1300000000000008        1.5586475387487759     
   1.1400000000000008        1.5640638957478237     
   1.1500000000000008        1.5694129783481865     
   1.1600000000000008        1.5746958364160319     
   1.1700000000000008        1.5799134968715123     
   1.1800000000000008        1.5850669637195769     
   1.1900000000000008        1.5901572181300729     
   1.2000000000000008        1.5951852185626496     
   1.2100000000000009        1.6001519009322343     
   1.2200000000000009        1.6050581788110934     
   1.2300000000000009        1.6099049436637256     
   1.2400000000000009        1.6146930651110676     
   1.2500000000000009        1.6194233912207121     
   1.2600000000000009        1.6240967488200564     
   1.2700000000000009        1.6287139438294989     
   1.2800000000000009        1.6332757616130060     
   1.2900000000000009        1.6377829673435551     
   1.3000000000000009        1.6422363063811418     
   1.3100000000000009        1.6466365046612144     
   1.3200000000000010        1.6509842690915564     
   1.3300000000000010        1.6552802879558008     
   1.3400000000000010        1.6595252313219000     
   1.3500000000000010        1.6637197514540198     
   1.3600000000000010        1.6678644832264553     
   1.3700000000000010        1.6719600445382903     
   1.3800000000000010        1.6760070367276407     
   1.3900000000000010        1.6800060449844294     
   1.4000000000000010        1.6839576387607449     
   1.4100000000000010        1.6878623721779316     
   1.4200000000000010        1.6917207844296493     
   1.4300000000000010        1.6955334001802240     
   1.4400000000000011        1.6993007299576899     
   1.4500000000000011        1.7030232705409951     
   1.4600000000000011        1.7067015053409123     
   1.4700000000000011        1.7103359047742535     
   1.4800000000000011        1.7139269266310542     
   1.4900000000000011        1.7174750164344348     
   1.5000000000000011        1.7209806077929055     
   1.5100000000000011        1.7244441227449208     
   1.5200000000000011        1.7278659720955307     
   1.5300000000000011        1.7312465557450181     
   1.5400000000000011        1.7345862630094384     
   1.5500000000000012        1.7378854729330175     
   1.5600000000000012        1.7411445545923852     
   1.5700000000000012        1.7443638673926509     
   1.5800000000000012        1.7475437613553499     
   1.5900000000000012        1.7506845773983100     
   1.6000000000000012        1.7537866476075039     
   1.6100000000000012        1.7568502955009766     
   1.6200000000000012        1.7598758362849392     
   1.6300000000000012        1.7628635771021468     
   1.6400000000000012        1.7658138172726794     
   1.6500000000000012        1.7687268485272571     
   1.6600000000000013        1.7716029552332340     
   1.6700000000000013        1.7744424146134115     
   1.6800000000000013        1.7772454969578300     
   1.6900000000000013        1.7800124658286922     
   1.7000000000000013        1.7827435782585814     
   1.7100000000000013        1.7854390849421373     
   1.7200000000000013        1.7880992304213570     
   1.7300000000000013        1.7907242532646881     
   1.7400000000000013        1.7933143862400807     
   1.7500000000000013        1.7958698564821680     
   1.7600000000000013        1.7983908856537423     
   1.7700000000000014        1.8008776901016932     
   1.7800000000000014        1.8033304810075730     
   1.7900000000000014        1.8057494645329528     
   1.8000000000000014        1.8081348419597318     
   1.8100000000000014        1.8104868098255569     
   1.8200000000000014        1.8128055600545105     
   1.8300000000000014        1.8150912800832195     
   1.8400000000000014        1.8173441529825367     
   1.8500000000000014        1.8195643575749405     
   1.8600000000000014        1.8217520685477984     
   1.8700000000000014        1.8239074565626348     
   1.8800000000000014        1.8260306883605393     
   1.8900000000000015        1.8281219268638500     
   1.9000000000000015        1.8301813312742421     
   1.9100000000000015        1.8322090571673471     
   1.9200000000000015        1.8342052565840259     
   1.9300000000000015        1.8361700781184165     
   1.9400000000000015        1.8381036670028688     
   1.9500000000000015        1.8400061651898809     
   1.9600000000000015        1.8418777114311455     
   1.9700000000000015        1.8437184413538088     
   1.9800000000000015        1.8455284875340465     
   1.9900000000000015        1.8473079795680525     
   2.0000000000000013        1.8490570441405365     
   2.0100000000000011        1.8507758050908218     
   2.0200000000000009        1.8524643834766303     
   2.0300000000000007        1.8541228976356414     
   2.0400000000000005        1.8557514632449057     
   2.0500000000000003        1.8573501933781935     
   2.0600000000000001        1.8589191985613533     
   2.0699999999999998        1.8604585868257537     
   2.0799999999999996        1.8619684637598801     
   2.0899999999999994        1.8634489325591537     
   2.0999999999999992        1.8649000940740368     
   2.1099999999999990        1.8663220468564898     
   2.1199999999999988        1.8677148872048379     
   2.1299999999999986        1.8690787092071064     
   2.1399999999999983        1.8704136047828803     
   2.1499999999999981        1.8717196637237425     
   2.1599999999999979        1.8729969737323402     
   2.1699999999999977        1.8742456204601301     
   2.1799999999999975        1.8754656875438505     
   2.1899999999999973        1.8766572566407640     
   2.1999999999999971        1.8778204074627152     
   2.2099999999999969        1.8789552178090465     
   2.2199999999999966        1.8800617635984096     
   2.2299999999999964        1.8811401188995143     
   2.2399999999999962        1.8821903559608486     
   2.2499999999999960        1.8832125452394082     
   2.2599999999999958        1.8842067554284663     
   2.2699999999999956        1.8851730534844209     
   2.2799999999999954        1.8861115046527455     
   2.2899999999999952        1.8870221724930765     
   2.2999999999999949        1.8879051189034666     
   2.3099999999999947        1.8887604041438284     
   2.3199999999999945        1.8895880868585972     
   2.3299999999999943        1.8903882240986385     
   2.3399999999999941        1.8911608713424224     
   2.3499999999999939        1.8919060825164897     
   2.3599999999999937        1.8926239100152320     
   2.3699999999999934        1.8933144047200050     
   2.3799999999999932        1.8939776160175996     
   2.3899999999999930        1.8946135918180853     
   2.3999999999999928        1.8952223785720488     
   2.4099999999999926        1.8958040212872429     
   2.4199999999999924        1.8963585635446654     
   2.4299999999999922        1.8968860475140816     
   2.4399999999999920        1.8973865139690098     
   2.4499999999999917        1.8978600023011805     
   2.4599999999999915        1.8983065505344878     
   2.4699999999999913        1.8987261953384449     
   2.4799999999999911        1.8991189720411568     
   2.4899999999999909        1.8994849146418236     
   2.4999999999999907        1.8998240558227864     
   2.5099999999999905        1.9001364269611276     
   2.5199999999999902        1.9004220581398357     
   2.5299999999999900        1.9006809781585468     
   2.5399999999999898        1.9009132145438721     
   2.5499999999999896        1.9011187935593217     
   2.5599999999999894        1.9012977402148328     
   2.5699999999999892        1.9014500782759123     
   2.5799999999999890        1.9015758302724028     
   2.5899999999999888        1.9016750175068793     
   2.5999999999999885        1.9017476600626835     
   2.6099999999999883        1.9017937768116058     
   2.6199999999999881        1.9018133854212187     
   2.6299999999999879        1.9018065023618724     
   2.6399999999999877        1.9017731429133544     
   2.6499999999999875        1.9017133211712236     
   2.6599999999999873        1.9016270500528218     
   2.6699999999999871        1.9015143413029700     
   2.6799999999999868        1.9013752054993527     
   2.6899999999999866        1.9012096520575987     
   2.6999999999999864        1.9010176892360593     
   2.7099999999999862        1.9007993241402912     
   2.7199999999999860        1.9005545627272475     
   2.7299999999999858        1.9002834098091805     
   2.7399999999999856        1.8999858690572604     
   2.7499999999999853        1.8996619430049151     
   2.7599999999999851        1.8993116330508910     
   2.7699999999999849        1.8989349394620423     
   2.7799999999999847        1.8985318613758482     
   2.7899999999999845        1.8981023968026633     
   2.7999999999999843        1.8976465426277032     
   2.8099999999999841        1.8971642946127658     
   2.8199999999999839        1.8966556473976948     
   2.8299999999999836        1.8961205945015835     
   2.8399999999999834        1.8955591283237230     
   2.8499999999999832        1.8949712401442953     
   2.8599999999999830        1.8943569201248152     
   2.8699999999999828        1.8937161573083199     
   2.8799999999999826        1.8930489396193082     
   2.8899999999999824        1.8923552538634325     
   2.8999999999999821        1.8916350857269419     
   2.9099999999999819        1.8908884197758786     
   2.9199999999999817        1.8901152394550285     
   2.9299999999999815        1.8893155270866258     
   2.9399999999999813        1.8884892638688136     
   2.9499999999999811        1.8876364298738582     
   2.9599999999999809        1.8867570040461199     
   2.9699999999999807        1.8858509641997783     
   2.9799999999999804        1.8849182870163137     
   2.9899999999999802        1.8839589480417436     
