   10.100000000000000                         0
   10.300000000000001                         0
   10.500000000000000                         0
   10.699999999999999                         0
   10.900000000000000                         0
   11.100000000000000                         0
   11.300000000000001                         0
   11.500000000000000                         0
   11.699999999999999                         0
   11.900000000000000                         2
   12.100000000000000                         4
   12.300000000000001                        11
   12.500000000000000                        13
   12.699999999999999                        20
   12.900000000000000                        36
   13.100000000000000                        46
   13.300000000000001                        78
   13.500000000000000                       109
   13.699999999999999                       152
   13.900000000000000                       206
   14.100000000000001                       286
   14.300000000000001                       349
   14.500000000000000                       434
   14.699999999999999                       461
   14.900000000000000                       503
   15.100000000000001                       580
   15.300000000000001                       604
   15.500000000000000                       549
   15.699999999999999                       538
   15.900000000000000                       476
   16.100000000000001                       424
   16.300000000000001                       367
   16.500000000000000                       322
   16.699999999999999                       248
   16.899999999999999                       198
   17.100000000000001                       170
   17.300000000000001                       150
   17.500000000000000                       136
   17.699999999999999                       139
   17.899999999999999                       158
   18.100000000000001                       151
   18.300000000000001                       156
   18.500000000000000                       174
   18.700000000000003                       201
   18.899999999999999                       200
   19.100000000000001                       224
   19.300000000000001                       244
   19.500000000000000                       266
   19.700000000000003                       305
   19.899999999999999                       284
   20.100000000000001                       331
   20.300000000000001                       347
   20.500000000000000                       377
   20.700000000000003                       370
   20.899999999999999                       366
   21.100000000000001                       403
   21.300000000000001                       410
   21.500000000000000                       413
   21.700000000000003                       425
   21.899999999999999                       415
   22.100000000000001                       432
   22.300000000000001                       404
   22.500000000000000                       416
   22.700000000000003                       398
   22.899999999999999                       393
   23.100000000000001                       376
   23.300000000000001                       343
   23.500000000000000                       339
   23.700000000000003                       350
   23.899999999999999                       287
   24.100000000000001                       273
   24.300000000000001                       251
   24.500000000000000                       219
   24.700000000000003                       216
   24.899999999999999                       189
   25.100000000000001                       169
   25.300000000000001                       171
   25.500000000000000                       141
   25.700000000000003                       127
   25.899999999999999                        91
   26.100000000000001                        81
   26.300000000000001                        72
   26.500000000000000                        72
   26.699999999999999                        60
   26.900000000000002                        53
   27.100000000000001                        38
   27.300000000000001                        36
   27.500000000000000                        32
   27.699999999999999                        33
   27.900000000000002                        22
   28.100000000000001                        18
   28.300000000000001                        11
   28.500000000000000                        10
   28.699999999999999                        13
   28.900000000000002                        11
   29.100000000000001                         4
   29.300000000000001                         5
   29.500000000000000                         4
   29.700000000000003                         4
   29.900000000000002                         1
