   0.0000000000000000        0.0000000000000000     
  0.15320888862379561       0.12855752193730785     
  0.30641777724759123       0.25613504385554220     
  0.45962666587138684       0.38273256575470310     
  0.61283555449518246       0.50835008763479050     
  0.76604444311897812       0.63298760949580446     
  0.91925333174277379       0.75664513133774491     
   1.0724622203665695       0.87932265316061187     
   1.2256711089903651        1.0010201749644054     
   1.3788799976141608        1.1217376967491255     
   1.5320888862379565        1.2414752185147719     
   1.6852977748617521        1.3602327402613450     
   1.8385066634855478        1.4780102619888447     
   1.9917155521093435        1.5948077836972707     
   2.1449244407331389        1.7106253053866234     
   2.2981333293569346        1.8254628270569024     
   2.4513422179807303        1.9393203487081081     
   2.6045511066045259        2.0521978703402404     
   2.7577599952283216        2.1640953919532993     
   2.9109688838521173        2.2750129135472843     
   3.0641777724759129        2.3849504351221960     
   3.2173866610997086        2.4939079566780342     
   3.3705955497235043        2.6018854782147991     
   3.5238044383472999        2.7088829997324906     
   3.6770133269710956        2.8149005212311082     
   3.8302222155948913        2.9199380427106525     
   3.9834311042186870        3.0239955641711234     
   4.1366399928424826        3.1270730856125208     
   4.2898488814662779        3.2291706070348449     
   4.4430577700900731        3.3302881284380952     
   4.5962666587138683        3.4304256498222720     
   4.7494755473376635        3.5295831711873755     
   4.9026844359614588        3.6277606925334056     
   5.0558933245852540        3.7249582138603623     
   5.2091022132090492        3.8211757351682452     
   5.3623111018328444        3.9164132564570546     
   5.5155199904566397        4.0106707777267907     
   5.6687288790804349        4.1039482989774534     
   5.8219377677042301        4.1962458202090422     
   5.9751466563280253        4.2875633414215581     
   6.1283555449518206        4.3779008626150002     
   6.2815644335756158        4.4672583837893693     
   6.4347733221994110        4.5556359049446646     
   6.5879822108232062        4.6430334260808861     
   6.7411910994470015        4.7294509471980346     
   6.8943999880707967        4.8148884682961093     
   7.0476088766945919        4.8993459893751101     
   7.2008177653183871        4.9828235104350380     
   7.3540266539421824        5.0653210314758921     
   7.5072355425659776        5.1468385524976732     
   7.6604444311897728        5.2273760735003805     
   7.8136533198135680        5.3069335944840139     
   7.9668622084373633        5.3855111154485744     
   8.1200710970611585        5.4631086363940611     
   8.2732799856849546        5.5397261573204748     
   8.4264888743087507        5.6153636782278147     
   8.5796977629325468        5.6900211991160807     
   8.7329066515563429        5.7636987199852738     
   8.8861155401801390        5.8363962408353931     
   9.0393244288039352        5.9081137616664394     
   9.1925333174277313        5.9788512824784119     
   9.3457422060515274        6.0486088032713106     
   9.4989510946753235        6.1173863240451363     
   9.6521599832991196        6.1851838447998881     
   9.8053688719229157        6.2520013655355671     
   9.9585777605467118        6.3178388862521722     
   10.111786649170508        6.3826964069497034     
   10.264995537794304        6.4465739276281617     
   10.418204426418100        6.5094714482875462     
   10.571413315041896        6.5713889689278577     
   10.724622203665692        6.6323264895490954     
   10.877831092289489        6.6922840101512593     
   11.031039980913285        6.7512615307343502     
   11.184248869537081        6.8092590512983673     
   11.337457758160877        6.8662765718433105     
   11.490666646784673        6.9223140923691808     
   11.643875535408469        6.9773716128759773     
   11.797084424032265        7.0314491333637008     
   11.950293312656061        7.0845466538323505     
   12.103502201279857        7.1366641742819263     
   12.256711089903654        7.1878016947124292     
   12.409919978527450        7.2379592151238583     
   12.563128867151246        7.2871367355162144     
   12.716337755775042        7.3353342558894967     
   12.869546644398838        7.3825517762437052     
   13.022755533022634        7.4287892965788407     
   13.175964421646430        7.4740468168949024     
   13.329173310270226        7.5183243371918911     
   13.482382198894022        7.5616218574698060     
   13.635591087517819        7.6039393777286470     
   13.788799976141615        7.6452768979684151     
   13.942008864765411        7.6856344181891094     
   14.095217753389207        7.7250119383907299     
   14.248426642013003        7.7634094585732774     
   14.401635530636799        7.8008269787367510     
   14.554844419260595        7.8372644988811517     
   14.708053307884391        7.8727220190064786     
   14.861262196508187        7.9071995391127317     
   15.014471085131984        7.9406970591999118     
   15.167679973755780        7.9732145792680180     
   15.320888862379576        8.0047520993170505     
   15.474097751003372        8.0353096193470090     
   15.627306639627168        8.0648871393578947     
   15.780515528250964        8.0934846593497074     
   15.933724416874760        8.1211021793224472     
   16.086933305498555        8.1477396992761122     
   16.240142194122349        8.1733972192107043     
   16.393351082746143        8.1980747391262234     
   16.546559971369938        8.2217722590226678     
   16.699768859993732        8.2444897789000393     
   16.852977748617526        8.2662272987583378     
   17.006186637241321        8.2869848185975616     
   17.159395525865115        8.3067623384177125     
   17.312604414488909        8.3255598582187904     
   17.465813303112704        8.3433773780007954     
   17.619022191736498        8.3602148977637256     
   17.772231080360292        8.3760724175075829     
   17.925439968984087        8.3909499372323673     
   18.078648857607881        8.4048474569380769     
   18.231857746231675        8.4177649766247136     
   18.385066634855470        8.4297024962922773     
   18.538275523479264        8.4406600159407663     
   18.691484412103058        8.4506375355701824     
   18.844693300726853        8.4596350551805255     
   18.997902189350647        8.4676525747717939     
   19.151111077974441        8.4746900943439893     
   19.304319966598236        8.4807476138971118     
   19.457528855222030        8.4858251334311614     
   19.610737743845824        8.4899226529461362     
   19.763946632469619        8.4930401724420381     
   19.917155521093413        8.4951776919188671     
   20.070364409717207        8.4963352113766213     
   20.223573298341002        8.4965127308153026     
   20.376782186964796        8.4957102502349109     
   20.529991075588590        8.4939277696354445     
   20.683199964212385        8.4911652890169051     
   20.836408852836179        8.4874228083792929     
   20.989617741459973        8.4827003277226076     
   21.142826630083768        8.4769978470468477     
   21.296035518707562        8.4703153663520148     
   21.449244407331356        8.4626528856381089     
   21.602453295955151        8.4540104049051283     
   21.755662184578945        8.4443879241530748     
   21.908871073202739        8.4337854433819484     
   22.062079961826534        8.4222029625917472     
   22.215288850450328        8.4096404817824730     
   22.368497739074122        8.3960980009541260     
   22.521706627697917        8.3815755201067059     
   22.674915516321711        8.3660730392402112     
   22.828124404945505        8.3495905583546435     
   22.981333293569300        8.3321280774500028     
   23.134542182193094        8.3136855965262875     
   23.287751070816888        8.2942631155834992     
   23.440959959440683        8.2738606346216379     
   23.594168848064477        8.2524781536407019     
   23.747377736688271        8.2301156726406930     
   23.900586625312066        8.2067731916216111     
   24.053795513935860        8.1824507105834545     
   24.207004402559654        8.1571482295262250     
   24.360213291183449        8.1308657484499225     
   24.513422179807243        8.1036032673545471     
   24.666631068431037        8.0753607862400969     
   24.819839957054832        8.0461383051065738     
   24.973048845678626        8.0159358239539777     
   25.126257734302420        7.9847533427823079     
   25.279466622926215        7.9525908615915641     
   25.432675511550009        7.9194483803817466     
   25.585884400173803        7.8853258991528561     
   25.739093288797598        7.8502234179048918     
   25.892302177421392        7.8141409366378545     
   26.045511066045187        7.7770784553517434     
   26.198719954668981        7.7390359740465584     
   26.351928843292775        7.7000134927223005     
   26.505137731916570        7.6600110113789688     
   26.658346620540364        7.6190285300165641     
   26.811555509164158        7.5770660486350856     
   26.964764397787953        7.5341235672345332     
   27.117973286411747        7.4902010858149080     
   27.271182175035541        7.4452986043762088     
   27.424391063659336        7.3994161229184368     
   27.577599952283130        7.3525536414415908     
   27.730808840906924        7.3047111599456711     
   27.884017729530719        7.2558886784306784     
   28.037226618154513        7.2060861968966119     
   28.190435506778307        7.1553037153434715     
   28.343644395402102        7.1035412337712582     
   28.496853284025896        7.0507987521799711     
   28.650062172649690        6.9970762705696110     
   28.803271061273485        6.9423737889401771     
   28.956479949897279        6.8866913072916693     
   29.109688838521073        6.8300288256240886     
   29.262897727144868        6.7723863439374341     
   29.416106615768662        6.7137638622317066     
   29.569315504392456        6.6541613805069053     
   29.722524393016251        6.5935788987630302     
   29.875733281640045        6.5320164170000821     
   30.028942170263839        6.4694739352180601     
   30.182151058887634        6.4059514534169653     
   30.335359947511428        6.3414489715967965     
   30.488568836135222        6.2759664897575540     
   30.641777724759017        6.2095040078992385     
   30.794986613382811        6.1420615260218492     
   30.948195502006605        6.0736390441253860     
   31.101404390630400        6.0042365622098499     
   31.254613279254194        5.9338540802752400     
   31.407822167877988        5.8624915983215571     
   31.561031056501783        5.7901491163488004     
   31.714239945125577        5.7168266343569698     
   31.867448833749371        5.6425241523460663     
   32.020657722373166        5.5672416703160890     
   32.173866610996960        5.4909791882670387     
   32.327075499620754        5.4137367061989146     
   32.480284388244549        5.3355142241117166     
   32.633493276868343        5.2563117420054457     
   32.786702165492137        5.1761292598801010     
   32.939911054115932        5.0949667777356833     
   33.093119942739726        5.0128242955721918     
   33.246328831363520        4.9297018133896264     
   33.399537719987315        4.8455993311879881     
   33.552746608611109        4.7605168489672760     
   33.705955497234903        4.6744543667274909     
   33.859164385858698        4.5874118844686320     
   34.012373274482492        4.4993894021906993     
   34.165582163106286        4.4103869198936936     
   34.318791051730081        4.3204044375776141     
   34.471999940353875        4.2294419552424616     
   34.625208828977669        4.1374994728882353     
   34.778417717601464        4.0445769905149351     
   34.931626606225258        3.9506745081225620     
   35.084835494849052        3.8557920257111151     
   35.238044383472847        3.7599295432805948     
   35.391253272096641        3.6630870608310011     
   35.544462160720435        3.5652645783623340     
   35.697671049344230        3.4664620958745935     
   35.850879937968024        3.3666796133677792     
   36.004088826591818        3.2659171308418915     
   36.157297715215613        3.1641746482969304     
   36.310506603839407        3.0614521657328959     
   36.463715492463201        2.9577496831497880     
   36.616924381086996        2.8530672005476063     
   36.770133269710790        2.7474047179263512     
   36.923342158334584        2.6407622352860227     
   37.076551046958379        2.5331397526266208     
   37.229759935582173        2.4245372699481456     
   37.382968824205967        2.3149547872505964     
   37.536177712829762        2.2043923045339739     
   37.689386601453556        2.0928498217982781     
   37.842595490077350        1.9803273390435085     
   37.995804378701145        1.8668248562696657     
   38.149013267324939        1.7523423734767494     
   38.302222155948733        1.6368798906647595     
   38.455431044572528        1.5204374078336962     
   38.608639933196322        1.4030149249835593     
   38.761848821820116        1.2846124421143490     
   38.915057710443911        1.1652299592260653     
   39.068266599067705        1.0448674763187080     
   39.221475487691499       0.92352499339227734     
   39.374684376315294       0.80120251044677315     
   39.527893264939088       0.67790002748219547     
   39.681102153562883       0.55361754449854428     
   39.834311042186677       0.42835506149581964     
   39.987519930810471       0.30211257847402151     
   40.140728819434266       0.17489009543314990     
   40.293937708058060        4.6687612373204818E-002
