   0.0000000000000000        0.0000000000000000     
   1.5320888862379560        1.2855752193730785     
   3.0641777724759121        2.4731504368388082     
   4.5962666587138683        3.5627256523971895     
   6.1283555449518241        4.5543008660482220     
   7.6604444311897799        5.4478760777919062     
   9.1925333174277366        6.2434512876282415     
   10.724622203665692        6.9410264955572281     
   12.256711089903648        7.5406017015788658     
   13.788799976141604        8.0421769056931556     
   15.320888862379560        8.4457521079000966     
   16.852977748617516        8.7513273081996878     
   18.385066634855473        8.9589025065919312     
   19.917155521093431        9.0684777030768267     
   21.449244407331388        9.0800528976543724     
   22.981333293569346        8.9936280903245702     
   24.513422179807304        8.8092032810874201     
   26.045511066045261        8.5267784699429203     
   27.577599952283219        8.1463536568910726     
   29.109688838521176        7.6679288419318761     
   30.641777724759134        7.0915040250653307     
   32.173866610997088        6.4170792062914366     
   33.705955497235045        5.6446543856101936     
   35.238044383473003        4.7742295630216018     
   36.770133269710961        3.8058047385256617     
   38.302222155948918        2.7393799121223728     
   39.834311042186876        1.5749550838117354     
   41.366399928424833       0.31253025359374931     
