   0.0000000000000000        0.0000000000000000     
   6.8404028665133773E-002  0.18793852415718168     
  0.13680805733026755       0.37489704829528991     
  0.20521208599540131       0.56087557241432462     
  0.27361611466053509       0.74587409651428582     
  0.34202014332566888       0.92989262059517364     
  0.41042417199080267        1.1129311446569878     
  0.47882820065593645        1.2949896686997286     
  0.54723222932107018        1.4760681927233961     
  0.61563625798620392        1.6561667167279899     
  0.68404028665133765        1.8352852407135103     
  0.75244431531647138        2.0134237646799571     
  0.82084834398160511        2.1905822886273305     
  0.88925237264673884        2.3667608125556305     
  0.95765640131187257        2.5419593364648572     
   1.0260604299770064        2.7161778603550100     
   1.0944644586421401        2.8894163842260894     
   1.1628684873072739        3.0616749080780954     
   1.2312725159724076        3.2329534319110280     
   1.2996765446375413        3.4032519557248873     
   1.3680805733026751        3.5725704795196727     
   1.4364846019678088        3.7409090032953847     
   1.5048886306329425        3.9082675270520233     
   1.5732926592980763        4.0746460507895881     
   1.6416966879632100        4.2400445745080795     
   1.7101007166283437        4.4044630982074979     
   1.7785047452934775        4.5679016218878425     
   1.8469087739586112        4.7303601455491133     
   1.9153128026237449        4.8918386691913112     
   1.9837168312888787        5.0523371928144352     
   2.0521208599540124        5.2118557164184862     
   2.1205248886191463        5.3703942400034634     
   2.1889289172842803        5.5279527635693668     
   2.2573329459494142        5.6845312871161973     
   2.3257369746145482        5.8401298106439539     
   2.3941410032796822        5.9947483341526375     
   2.4625450319448161        6.1483868576422473     
   2.5309490606099501        6.3010453811127833     
   2.5993530892750840        6.4527239045642464     
   2.6677571179402180        6.6034224279966356     
   2.7361611466053519        6.7531409514099519     
   2.8045651752704859        6.9018794748041943     
   2.8729692039356198        7.0496379981793629     
   2.9413732326007538        7.1964165215354585     
   3.0097772612658877        7.3422150448724803     
   3.0781812899310217        7.4870335681904292     
   3.1465853185961556        7.6308720914893042     
   3.2149893472612896        7.7737306147691054     
   3.2833933759264236        7.9156091380298337     
   3.3517974045915575        8.0565076612714890     
   3.4202014332566915        8.1964261844940705     
   3.4886054619218254        8.3353647076975790     
   3.5570094905869594        8.4733232308820128     
   3.6254135192520933        8.6103017540473736     
   3.6938175479172273        8.7463002771936615     
   3.7622215765823612        8.8813188003208747     
   3.8306256052474952        9.0153573234290150     
   3.8990296339126291        9.1484158465180823     
   3.9674336625777631        9.2804943695880748     
   4.0358376912428966        9.4115928926389945     
   4.1042417199080301        9.5417114156708411     
   4.1726457485731636        9.6708499386836149     
   4.2410497772382971        9.7990084616773139     
   4.3094538059034306        9.9261869846519399     
   4.3778578345685641        10.052385507607493     
   4.4462618632336977        10.177604030543971     
   4.5146658918988312        10.301842553461377     
   4.5830699205639647        10.425101076359709     
   4.6514739492290982        10.547379599238967     
   4.7198779778942317        10.668678122099152     
   4.7882820065593652        10.788996644940264     
   4.8566860352244987        10.908335167762303     
   4.9250900638896322        11.026693690565267     
   4.9934940925547657        11.144072213349158     
   5.0618981212198992        11.260470736113977     
   5.1303021498850327        11.375889258859720     
   5.1987061785501663        11.490327781586391     
   5.2671102072152998        11.603786304293989     
   5.3355142358804333        11.716264826982512     
   5.4039182645455668        11.827763349651962     
   5.4723222932107003        11.938281872302339     
   5.5407263218758338        12.047820394933643     
   5.6091303505409673        12.156378917545872     
   5.6775343792061008        12.263957440139029     
   5.7459384078712343        12.370555962713112     
   5.8143424365363678        12.476174485268121     
   5.8827464652015014        12.580813007804057     
   5.9511504938666349        12.684471530320920     
   6.0195545225317684        12.787150052818708     
   6.0879585511969019        12.888848575297423     
   6.1563625798620354        12.989567097757066     
   6.2247666085271689        13.089305620197635     
   6.2931706371923024        13.188064142619130     
   6.3615746658574359        13.285842665021551     
   6.4299786945225694        13.382641187404900     
   6.4983827231877029        13.478459709769174     
   6.5667867518528364        13.573298232114375     
   6.6351907805179700        13.667156754440503     
   6.7035948091831035        13.760035276747557     
   6.7719988378482370        13.851933799035537     
   6.8404028665133705        13.942852321304445     
   6.9088068951785040        14.032790843554279     
   6.9772109238436375        14.121749365785039     
   7.0456149525087710        14.209727887996726     
   7.1140189811739045        14.296726410189340     
   7.1824230098390380        14.382744932362879     
   7.2508270385041715        14.467783454517345     
   7.3192310671693050        14.551841976652739     
   7.3876350958344386        14.634920498769057     
   7.4560391244995721        14.717019020866303     
   7.5244431531647056        14.798137542944476     
   7.5928471818298391        14.878276065003575     
   7.6612512104949726        14.957434587043601     
   7.7296552391601061        15.035613109064553     
   7.7980592678252396        15.112811631066432     
   7.8664632964903731        15.189030153049236     
   7.9348673251555066        15.264268675012968     
   8.0032713538206401        15.338527196957626     
   8.0716753824857737        15.411805718883210     
   8.1400794111509072        15.484104240789721     
   8.2084834398160407        15.555422762677159     
   8.2768874684811742        15.625761284545522     
   8.3452914971463077        15.695119806394812     
   8.4136955258114412        15.763498328225030     
   8.4820995544765747        15.830896850036174     
   8.5505035831417082        15.897315371828244     
   8.6189076118068417        15.962753893601240     
   8.6873116404719752        16.027212415355162     
   8.7557156691371087        16.090690937090013     
   8.8241196978022423        16.153189458805791     
   8.8925237264673758        16.214707980502492     
   8.9609277551325093        16.275246502180121     
   9.0293317837976428        16.334805023838676     
   9.0977358124627763        16.393383545478159     
   9.1661398411279098        16.450982067098568     
   9.2345438697930433        16.507600588699905     
   9.3029478984581768        16.563239110282165     
   9.3713519271233103        16.617897631845352     
   9.4397559557884438        16.671576153389466     
   9.5081599844535774        16.724274674914508     
   9.5765640131187109        16.775993196420476     
   9.6449680417838444        16.826731717907371     
   9.7133720704489779        16.876490239375194     
   9.7817760991141114        16.925268760823940     
   9.8501801277792449        16.973067282253613     
   9.9185841564443784        17.019885803664213     
   9.9869881851095119        17.065724325055740     
   10.055392213774645        17.110582846428194     
   10.123796242439779        17.154461367781575     
   10.192200271104912        17.197359889115880     
   10.260604299770046        17.239278410431112     
   10.329008328435179        17.280216931727271     
   10.397412357100313        17.320175453004357     
   10.465816385765446        17.359153974262370     
   10.534220414430580        17.397152495501309     
   10.602624443095714        17.434171016721177     
   10.671028471760847        17.470209537921967     
   10.739432500425981        17.505268059103685     
   10.807836529091114        17.539346580266329     
   10.876240557756248        17.572445101409901     
   10.944644586421381        17.604563622534400     
   11.013048615086515        17.635702143639826     
   11.081452643751648        17.665860664726175     
   11.149856672416782        17.695039185793451     
   11.218260701081915        17.723237706841655     
   11.286664729747049        17.750456227870785     
   11.355068758412182        17.776694748880843     
   11.423472787077316        17.801953269871827     
   11.491876815742449        17.826231790843739     
   11.560280844407583        17.849530311796574     
   11.628684873072716        17.871848832730336     
   11.697088901737850        17.893187353645025     
   11.765492930402983        17.913545874540642     
   11.833896959068117        17.932924395417185     
   11.902300987733250        17.951322916274655     
   11.970705016398384        17.968741437113053     
   12.039109045063517        17.985179957932374     
   12.107513073728651        18.000638478732622     
   12.175917102393784        18.015116999513797     
   12.244321131058918        18.028615520275899     
   12.312725159724051        18.041134041018928     
   12.381129188389185        18.052672561742884     
   12.449533217054318        18.063231082447764     
   12.517937245719452        18.072809603133571     
   12.586341274384585        18.081408123800305     
   12.654745303049719        18.089026644447966     
   12.723149331714852        18.095665165076554     
   12.791553360379986        18.101323685686069     
   12.859957389045119        18.106002206276511     
   12.928361417710253        18.109700726847876     
   12.996765446375386        18.112419247400169     
   13.065169475040520        18.114157767933388     
   13.133573503705653        18.114916288447535     
   13.201977532370787        18.114694808942609     
   13.270381561035920        18.113493329418610     
   13.338785589701054        18.111311849875534     
   13.407189618366187        18.108150370313385     
   13.475593647031321        18.104008890732164     
   13.543997675696454        18.098887411131869     
   13.612401704361588        18.092785931512502     
   13.680805733026721        18.085704451874062     
   13.749209761691855        18.077642972216548     
   13.817613790356988        18.068601492539958     
   13.886017819022122        18.058580012844295     
   13.954421847687255        18.047578533129560     
   14.022825876352389        18.035597053395751     
   14.091229905017522        18.022635573642869     
   14.159633933682656        18.008694093870915     
   14.228037962347790        17.993772614079884     
   14.296441991012923        17.977871134269780     
   14.364846019678057        17.960989654440603     
   14.433250048343190        17.943128174592353     
   14.501654077008324        17.924286694725030     
   14.570058105673457        17.904465214838634     
   14.638462134338591        17.883663734933165     
   14.706866163003724        17.861882255008620     
   14.775270191668858        17.839120775065002     
   14.843674220333991        17.815379295102311     
   14.912078248999125        17.790657815120547     
   14.980482277664258        17.764956335119710     
   15.048886306329392        17.738274855099800     
   15.117290334994525        17.710613375060817     
   15.185694363659659        17.681971895002757     
   15.254098392324792        17.652350414925625     
   15.322502420989926        17.621748934829419     
   15.390906449655059        17.590167454714141     
   15.459310478320193        17.557605974579790     
   15.527714506985326        17.524064494426366     
   15.596118535650460        17.489543014253865     
   15.664522564315593        17.454041534062291     
   15.732926592980727        17.417560053851645     
   15.801330621645860        17.380098573621925     
   15.869734650310994        17.341657093373133     
   15.938138678976127        17.302235613105267     
   16.006542707641263        17.261834132818329     
   16.074946736306398        17.220452652512314     
   16.143350764971533        17.178091172187226     
   16.211754793636668        17.134749691843066     
   16.280158822301804        17.090428211479832     
   16.348562850966939        17.045126731097525     
   16.416966879632074        16.998845250696146     
   16.485370908297210        16.951583770275690     
   16.553774936962345        16.903342289836161     
   16.622178965627480        16.854120809377559     
   16.690582994292615        16.803919328899884     
   16.758987022957751        16.752737848403136     
   16.827391051622886        16.700576367887315     
   16.895795080288021        16.647434887352421     
   16.964199108953157        16.593313406798451     
   17.032603137618292        16.538211926225408     
   17.101007166283427        16.482130445633292     
   17.169411194948562        16.425068965022103     
   17.237815223613698        16.367027484391841     
   17.306219252278833        16.308006003742506     
   17.374623280943968        16.248004523074094     
   17.443027309609104        16.187023042386610     
   17.511431338274239        16.125061561680052     
   17.579835366939374        16.062120080954422     
   17.648239395604509        15.998198600209719     
   17.716643424269645        15.933297119445941     
   17.785047452934780        15.867415638663090     
   17.853451481599915        15.800554157861166     
   17.921855510265051        15.732712677040169     
   17.990259538930186        15.663891196200098     
   18.058663567595321        15.594089715340953     
   18.127067596260456        15.523308234462736     
   18.195471624925592        15.451546753565443     
   18.263875653590727        15.378805272649078     
   18.332279682255862        15.305083791713640     
   18.400683710920998        15.230382310759127     
   18.469087739586133        15.154700829785542     
   18.537491768251268        15.078039348792883     
   18.605895796916403        15.000397867781150     
   18.674299825581539        14.921776386750343     
   18.742703854246674        14.842174905700464     
   18.811107882911809        14.761593424631512     
   18.879511911576945        14.680031943543485     
   18.947915940242080        14.597490462436385     
   19.016319968907215        14.513968981310212     
   19.084723997572350        14.429467500164964     
   19.153128026237486        14.343986019000644     
   19.221532054902621        14.257524537817250     
   19.289936083567756        14.170083056614782     
   19.358340112232892        14.081661575393241     
   19.426744140898027        13.992260094152627     
   19.495148169563162        13.901878612892940     
   19.563552198228297        13.810517131614178     
   19.631956226893433        13.718175650316343     
   19.700360255558568        13.624854168999436     
   19.768764284223703        13.530552687663453     
   19.837168312888839        13.435271206308398     
   19.905572341553974        13.339009724934270     
   19.973976370219109        13.241768243541067     
   20.042380398884244        13.143546762128791     
   20.110784427549380        13.044345280697442     
   20.179188456214515        12.944163799247020     
   20.247592484879650        12.843002317777524     
   20.315996513544786        12.740860836288954     
   20.384400542209921        12.637739354781312     
   20.452804570875056        12.533637873254595     
   20.521208599540191        12.428556391708804     
   20.589612628205327        12.322494910143941     
   20.658016656870462        12.215453428560004     
   20.726420685535597        12.107431946956993     
   20.794824714200733        11.998430465334909     
   20.863228742865868        11.888448983693753     
   20.931632771531003        11.777487502033521     
   21.000036800196138        11.665546020354217     
   21.068440828861274        11.552624538655840     
   21.136844857526409        11.438723056938388     
   21.205248886191544        11.323841575201863     
   21.273652914856680        11.207980093446265     
   21.342056943521815        11.091138611671592     
   21.410460972186950        10.973317129877847     
   21.478865000852085        10.854515648065028     
   21.547269029517221        10.734734166233137     
   21.615673058182356        10.613972684382171     
   21.684077086847491        10.492231202512132     
   21.752481115512627        10.369509720623020     
   21.820885144177762        10.245808238714833     
   21.889289172842897        10.121126756787573     
   21.957693201508032        9.9954652748412407     
   22.026097230173168        9.8688237928758333     
   22.094501258838303        9.7412023108913530     
   22.162905287503438        9.6126008288877998     
   22.231309316168574        9.4830193468651736     
   22.299713344833709        9.3524578648234726     
   22.368117373498844        9.2209163827626988     
   22.436521402163979        9.0883949006828519     
   22.504925430829115        8.9548934185839304     
   22.573329459494250        8.8204119364659359     
   22.641733488159385        8.6849504543288685     
   22.710137516824521        8.5485089721727263     
   22.778541545489656        8.4110874899975112     
   22.846945574154791        8.2726860078032232     
   22.915349602819926        8.1333045255898622     
   22.983753631485062        7.9929430433574273     
   23.052157660150197        7.8516015611059187     
   23.120561688815332        7.7092800788353362     
   23.188965717480468        7.5659785965456807     
   23.257369746145603        7.4216971142369514     
   23.325773774810738        7.2764356319091492     
   23.394177803475873        7.1301941495622732     
   23.462581832141009        6.9829726671963233     
   23.530985860806144        6.8347711848113004     
   23.599389889471279        6.6855897024072037     
   23.667793918136415        6.5354282199840341     
   23.736197946801550        6.3842867375417907     
   23.804601975466685        6.2321652550804734     
   23.873006004131820        6.0790637726000831     
   23.941410032796956        5.9249822901006191     
   24.009814061462091        5.7699208075820820     
   24.078218090127226        5.6138793250444712     
   24.146622118792362        5.4568578424877865     
   24.215026147457497        5.2988563599120289     
   24.283430176122632        5.1398748773171974     
   24.351834204787767        4.9799133947032930     
   24.420238233452903        4.8189719120703147     
   24.488642262118038        4.6570504294182626     
   24.557046290783173        4.4941489467471376     
   24.625450319448309        4.3302674640569387     
   24.693854348113444        4.1654059813476669     
   24.762258376778579        3.9995644986193213     
   24.830662405443714        3.8327430158719022     
   24.899066434108850        3.6649415331054094     
   24.967470462773985        3.4961600503198431     
   25.035874491439120        3.3263985675152035     
   25.104278520104256        3.1556570846914904     
   25.172682548769391        2.9839356018487040     
   25.241086577434526        2.8112341189868437     
   25.309490606099661        2.6375526361059101     
   25.377894634764797        2.4628911532059030     
   25.446298663429932        2.2872496702868226     
   25.514702692095067        2.1106281873486687     
   25.583106720760203        1.9330267043914413     
   25.651510749425338        1.7544452214151405     
   25.719914778090473        1.5748837384197660     
   25.788318806755608        1.3943422554053182     
   25.856722835420744        1.2128207723717968     
   25.925126864085879        1.0303192893192019     
   25.993530892751014       0.84683780624753358     
   26.061934921416150       0.66237632315679174     
   26.130338950081285       0.47693484004697639     
   26.198742978746420       0.29051335691808761     
   26.267147007411555       0.10311187377012535     
