   0.0000000000000000       0.77425969825619900     
   5.0000000745058060E-002  0.74927059820915098     
  0.10000000149011612       0.72541601987562587     
  0.15000000223517418       0.70280305730702708     
  0.20000000298023224       0.68153697063805074     
  0.25000000372529030       0.66171455605270979     
  0.30000000447034836       0.64342458959217108     
  0.35000000521540642       0.62674808367041490     
  0.40000000596046448       0.61175853960657056     
  0.45000000670552254       0.59852219183664213     
  0.50000000745058060       0.58709824418774470     
  0.55000000819563866       0.57753909847009177     
  0.60000000894069672       0.56989057563658430     
  0.65000000968575478       0.56419212975165578     
  0.70000001043081284       0.56047705500317135     
  0.75000001117587090       0.55877268598357843     
  0.80000001192092896       0.55910059145915059     
  0.85000001266598701       0.56147676183905282     
  0.90000001341104507       0.56591179054906948     
  0.95000001415610313       0.57241104950817945     
   1.0000000149011612       0.58097485889971578     
   1.0500000156462193       0.59159865142261592     
   1.1000000163912773       0.60427313120223547     
   1.1500000171363354       0.61898442753436367     
   1.2000000178813934       0.63571424363043227     
   1.2500000186264515       0.65444000052644913     
   1.3000000193715096       0.67513497631290198     
   1.3500000201165676       0.69776844083776512     
   1.4000000208616257       0.72230578602979600     
   1.4500000216066837       0.74870865198452330     
   1.5000000223517418       0.77693504895069709     
   1.5500000230967999       0.80693947535049249     
   1.6000000238418579       0.83867303196242582     
   1.6500000245869160       0.87208353239174652     
   1.7000000253319740       0.90711560994901441     
   1.7500000260770321       0.94371082105364590     
   1.8000000268220901       0.98180774527541481     
   1.8500000275671482        1.0213420821232215     
   1.9000000283122063        1.0622467446868893     
   1.9500000290572643        1.1044519502343066     
   2.0000000298023224        1.1478853078629119     
   2.0500000305473804        1.1924719033012900     
   2.1000000312924385        1.2381343809535481     
   2.1500000320374966        1.2847930232761120     
   2.2000000327825546        1.3323658275736805     
   2.2500000335276127        1.3807685802982501     
   2.3000000342726707        1.4299149289323927     
   2.3500000350177288        1.4797164515353340     
   2.4000000357627869        1.5300827240278232     
   2.4500000365078449        1.5809213852893125     
   2.5000000372529030        1.6321382001385802     
   2.5500000379979610        1.6836371202666123     
   2.6000000387430191        1.7353203431883215     
   2.6500000394880772        1.7870883692775230     
   2.7000000402331352        1.8388400569474828     
   2.7500000409781933        1.8904726760373360     
   2.8000000417232513        1.9418819594627093     
   2.8500000424683094        1.9929621531869826     
   2.9000000432133675        2.0436060645677951     
   2.9500000439584255        2.0937051091316210     
   3.0000000447034836        2.1431493558275241     
   3.0500000454485416        2.1918275708095418     
   3.1000000461935997        2.2396272597955336     
   3.1500000469386578        2.2864347090487835     
   3.2000000476837158        2.3321350250271329     
   3.2500000484287739        2.3766121727429685     
   3.3000000491738319        2.4197490128759807     
   3.3500000499188900        2.4614273376792433     
   3.4000000506639481        2.5015279057178508     
   3.4500000514090061        2.5399304754780676     
   3.5000000521540642        2.5765138378837178     
   3.5500000528991222        2.6111558477553394     
   3.6000000536441803        2.6437334542464850     
   3.6500000543892384        2.6741227302904185     
   3.7000000551342964        2.7021989010893890     
   3.7500000558793545        2.7278363716776095     
   3.8000000566244125        2.7509087535880559     
   3.8500000573694706        2.7712888906522286     
   3.9000000581145287        2.7888488839610637     
   3.9500000588595867        2.8034601160142696     
   4.0000000596046448        2.8149932740844776     
   4.0500000603497028        2.8233183728217326     
   4.1000000610947609        2.8283047761230269     
   4.1500000618398190        2.8298212182907712     
   4.2000000625848770        2.8277358245033231     
   4.2500000633299351        2.8219161306199392     
   4.3000000640749931        2.8122291023417945     
   4.3500000648200512        2.7985411537500018     
   4.4000000655651093        2.7807181652408910     
   4.4500000663101673        2.7586255008781415     
   4.5000000670552254        2.7321280251807329     
   4.5500000678002834        2.7010901193650541     
   4.6000000685453415        2.6653756970589182     
   4.6500000692903996        2.6248482195046567     
   4.7000000700354576        2.5793707102679022     
   4.7500000707805157        2.5288057694681316     
   4.8000000715255737        2.4730155875465205     
   4.8500000722706318        2.4118619585861518     
   4.9000000730156898        2.3452062931991340     
