   0.0000000000000000        1.5480909127417377     
   5.0000000745058060E-002   1.4979455752418431     
  0.10000000149011612        1.4497486093096585     
  0.15000000223517418        1.4035848260063597     
  0.20000000298023224        1.3595336432841267     
  0.25000000372529030        1.3176669633429416     
  0.30000000447034836        1.2780494749172047     
  0.35000000521540642        1.2407388863532058     
  0.40000000596046448        1.2057861526050402     
  0.45000000670552254        1.1732356948122951     
  0.50000000745058060        1.1431256127393759     
  0.55000000819563866        1.1154878903075942     
  0.60000000894069672        1.0903485944446221     
  0.65000000968575478        1.0677280674685885     
  0.70000001043081284        1.0476411132170345     
  0.75000001117587090        1.0300971771241030     
  0.80000001192092896        1.0151005204427310     
  0.85000001266598701        1.0026503888022114     
  0.90000001341104507       0.99274117528530392     
  0.95000001415610313       0.98536257820308526     
   1.0000000149011612       0.98049975373993514     
   1.0500000156462193       0.97813346363545040     
   1.1000000163912773       0.97824021806465478     
   1.1500000171363354       0.98079241387262661     
   1.2000000178813934       0.98575846831459002     
   1.2500000186264515       0.99310294844760416     
   1.3000000193715096        1.0027866963152339     
   1.3500000201165676        1.0147669500619871     
   1.4000000208616257        1.0289974611098596     
   1.4500000216066837        1.0454286075250212     
   1.5000000223517418        1.0640075036985184     
   1.5500000230967999        1.0846781064608362     
   1.6000000238418579        1.1073813177462712     
   1.6500000245869160        1.1320550839192922     
   1.7000000253319740        1.1586344918714211     
   1.7500000260770321        1.1870518619936372     
   1.8000000268220901        1.2172368381258922     
   1.8500000275671482        1.2491164745820225     
   1.9000000283122063        1.2826153203451487     
   1.9500000290572643        1.3176555005255619     
   2.0000000298023224        1.3541567951700999     
   2.0500000305473804        1.3920367155091316     
   2.1000000312924385        1.4312105777244588     
   2.1500000320374966        1.4715915743187422     
   2.2000000327825546        1.5130908431644337     
   2.2500000335276127        1.5556175343076637     
   2.3000000342726707        1.5990788746000795     
   2.3500000350177288        1.6433802302292544     
   2.4000000357627869        1.6884251672159940     
   2.4500000365078449        1.7341155099446446     
   2.5000000372529030        1.7803513977903560     
   2.5500000379979610        1.8270313399051770     
   2.6000000387430191        1.8740522682228433     
   2.6500000394880772        1.9213095887401797     
   2.7000000402331352        1.9686972311311448     
   2.7500000409781933        2.0161076967477354     
   2.8000000417232513        2.0634321050601971     
   2.8500000424683094        2.1105602385872868     
   2.9000000432133675        2.1573805863656781     
   2.9500000439584255        2.2037803860060134     
   3.0000000447034836        2.2496456643815508     
   3.0500000454485416        2.2948612769938674     
   3.1000000461935997        2.3393109460586343     
   3.1500000469386578        2.3828772973530752     
   3.2000000476837158        2.4254418958653763     
   3.2500000484287739        2.4668852802849943     
   3.3000000491738319        2.5070869963715547     
   3.3500000499188900        2.5459256292387984     
   3.4000000506639481        2.5832788345888544     
   3.4500000514090061        2.6190233689309670     
   3.5000000521540642        2.6530351188176948     
   3.5500000528991222        2.6851891291305323     
   3.6000000536441803        2.7153596304458545     
   3.6500000543892384        2.7434200655110912     
   3.7000000551342964        2.7692431148600605     
   3.7500000558793545        2.7927007215954482     
   3.8000000566244125        2.8136641153655155     
   3.8500000573694706        2.8320038355612311     
   3.9000000581145287        2.8475897537591761     
   3.9500000588595867        2.8602910954347447     
   4.0000000596046448        2.8699764609693652     
   4.0500000603497028        2.8765138459746953     
   4.1000000610947609        2.8797706609560021     
   4.1500000618398190        2.8796137503362083     
   4.2000000625848770        2.8759094108613938     
   4.2500000633299351        2.8685234094078669     
   4.3000000640749931        2.8573210002102556     
   4.3500000648200512        2.8421669415294506     
   4.4000000655651093        2.8229255117786081     
   4.4500000663101673        2.7994605251248363     
   4.5000000670552254        2.7716353465836088     
   4.5500000678002834        2.7393129066224038     
   4.6000000685453415        2.7023557152895203     
   4.6500000692903996        2.6606258758835155     
   4.7000000700354576        2.6139850981781931     
   4.7500000707805157        2.5622947112176000     
   4.8000000715255737        2.5054156756950055     
   4.8500000722706318        2.4432085959293954     
   4.9000000730156898        2.3755337314525629     
