   0.0000000000000000        1.9350065199662527     
   5.0000000745058060E-002   1.8722830637409884     
  0.10000000149011612        1.8119149040100218     
  0.15000000223517418        1.7539757103399147     
  0.20000000298023224        1.6985319795915774     
  0.25000000372529030        1.6456431669729770     
  0.30000000447034836        1.5953619175651312     
  0.35000000521540642        1.5477342876804854     
  0.40000000596046448        1.5027999590906180     
  0.45000000670552254        1.4605924462869084     
  0.50000000745058060        1.4211392970024079     
  0.55000000819563866        1.3844622862139777     
  0.60000000894069672        1.3505776038366752     
  0.65000000968575478        1.3194960363154782     
  0.70000001043081284        1.2912231423127656     
  0.75000001117587090        1.2657594226835289     
  0.80000001192092896        1.2431004849240370     
  0.85000001266598701        1.2232372022736475     
  0.90000001341104507        1.2061558676436077     
  0.95000001415610313        1.1918383425410437     
   1.0000000149011612        1.1802622011508590     
   1.0500000156462193        1.1714008697329805     
   1.1000000163912773        1.1652237614872663     
   1.1500000171363354        1.1616964070334395     
   1.2000000178813934        1.1607805806486207     
   1.2500000186264515        1.1624344224003953     
   1.3000000193715096        1.1666125563088665     
   1.3500000201165676        1.1732662046668096     
   1.4000000208616257        1.1823432986428399     
   1.4500000216066837        1.1937885852884482     
   1.5000000223517418        1.2075437310658290     
   1.5500000230967999        1.2235474220096225     
   1.6000000238418579        1.2417354606320159     
   1.6500000245869160        1.2620408596770878     
   1.7000000253319740        1.2843939328268417     
   1.7500000260770321        1.3087223824580383     
   1.8000000268220901        1.3349513845457182     
   1.8500000275671482        1.3630036708061861     
   1.9000000283122063        1.3927996081692120     
   1.9500000290572643        1.4242572756662877     
   2.0000000298023224        1.4572925388189515     
   2.0500000305473804        1.4918191216084642     
   2.1000000312924385        1.5277486761054753     
   2.1500000320374966        1.5649908498357630     
   2.2000000327825546        1.6034533509556554     
   2.2500000335276127        1.6430420113083508     
   2.3000000342726707        1.6836608474300341     
   2.3500000350177288        1.7252121195724521     
   2.4000000357627869        1.7675963888064394     
   2.4500000365078449        1.8107125722687889     
   2.5000000372529030        1.8544579966128367     
   2.5500000379979610        1.8987284497211627     
   2.6000000387430191        1.9434182307369150     
   2.6500000394880772        1.9884201984684224     
   2.7000000402331352        2.0336258182199907     
   2.7500000409781933        2.0789252071000472     
   2.8000000417232513        2.1242071778561473     
   2.8500000424683094        2.1693592812847360     
   2.9000000432133675        2.2142678472620045     
   2.9500000439584255        2.2588180244406799     
   3.0000000447034836        2.3028938186561168     
   3.0500000454485416        2.3463781300836626     
   3.1000000461935997        2.3891527891878939     
   3.1500000469386578        2.4310985915030048     
   3.2000000476837158        2.4720953312823539     
   3.2500000484287739        2.5120218340539329     
   3.3000000491738319        2.5507559881173347     
   3.3500000499188900        2.5881747750166340     
   3.4000000506639481        2.6241542990224773     
   3.4500000514090061        2.6585698156555986     
   3.5000000521540642        2.6912957592829247     
   3.5500000528991222        2.7222057698164277     
   3.6000000536441803        2.7511727185438932     
   3.6500000543892384        2.7780687331198348     
   3.7000000551342964        2.8027652217438548     
   3.7500000558793545        2.8251328965528759     
   3.8000000566244125        2.8450417962528021     
   3.8500000573694706        2.8623613080143357     
   3.9000000581145287        2.8769601886568812     
   3.9500000588595867        2.8887065851436748     
   4.0000000596046448        2.8974680544105440     
   4.0500000603497028        2.9031115825499532     
   4.1000000610947609        2.9055036033713062     
   4.1500000618398190        2.9045100163577815     
   4.2000000625848770        2.8999962040393217     
   4.2500000633299351        2.8918270488007596     
   4.3000000640749931        2.8798669491434499     
   4.3500000648200512        2.8639798354181725     
   4.4000000655651093        2.8440291850464972     
   4.4500000663101673        2.8198780372472454     
   4.5000000670552254        2.7913890072841392     
   4.5500000678002834        2.7584243002502005     
   4.6000000685453415        2.7208457244039721     
   4.6500000692903996        2.6785147040721231     
   4.7000000700354576        2.6312922921325437     
   4.7500000707805157        2.5790391820915648     
   4.8000000715255737        2.5216157197685036     
   4.8500000722706318        2.4588819146002971     
   4.9000000730156898        2.3906974505785810     
