   0.0000000000000000       0.38734408790524011     
   5.0000000745058060E-002  0.37493310676401620     
  0.10000000149011612       0.36324972232307240     
  0.15000000223517418       0.35241217021406751     
  0.20000000298023224       0.34253863166091308     
  0.25000000372529030       0.33373834983978912     
  0.30000000447034836       0.32611214444533859     
  0.35000000521540642       0.31975267992547840     
  0.40000000596046448       0.31474473078194309     
  0.45000000670552254       0.31116543809903052     
  0.50000000745058060       0.30908455773529314     
  0.55000000819563866       0.30856470044547524     
  0.60000000894069672       0.30966156419516983     
  0.65000000968575478       0.31242415892203740     
  0.70000001043081284       0.31689502398917757     
  0.75000001117587090       0.32311043856825983     
  0.80000001192092896       0.33110062518229394     
  0.85000001266598701       0.34088994663044636     
  0.90000001341104507       0.35249709651007738     
  0.95000001415610313       0.36593528354417820     
   1.0000000149011612       0.38121240991561789     
   1.0500000156462193       0.39833124380306167     
   1.1000000163912773       0.41728958630708674     
   1.1500000171363354       0.43808043294889137     
   1.2000000178813934       0.46069212991806319     
   1.2500000186264515       0.48510852524013481     
   1.3000000193715096       0.51130911502910414     
   1.3500000201165676       0.53926918498472554     
   1.4000000208616257       0.56895994728918287     
   1.4500000216066837       0.60034867305272843     
   1.5000000223517418       0.63339882045300677     
   1.5500000230967999       0.66807015870807940     
   1.6000000238418579       0.70431888801861231     
   1.6500000245869160       0.74209775561028379     
   1.7000000253319740       0.78135616800321017     
   1.7500000260770321       0.82204029963106251     
   1.8000000268220901       0.86409319792856065     
   1.8500000275671482       0.90745488500217086     
   1.9000000283122063       0.95206245599510020     
   1.9500000290572643       0.99785017425406819     
   2.0000000298023224        1.0447495634018433     
   2.0500000305473804        1.0926894964161489     
   2.1000000312924385        1.1415962818122729     
   2.1500000320374966        1.1913937470235514     
   2.2000000327825546        1.2420033190708339     
   2.2500000335276127        1.2933441026090757     
   2.3000000342726707        1.3453329554363362     
   2.3500000350177288        1.3978845615476918     
   2.4000000357627869        1.4509115018138865     
   2.4500000365078449        1.5043243223619489     
   2.5000000372529030        1.5580316007324932     
   2.5500000379979610        1.6119400098859953     
   2.6000000387430191        1.6659543801279770     
   2.6500000394880772        1.7199777590207688     
   2.7000000402331352        1.7739114693473093     
   2.7500000409781933        1.8276551651903219     
   2.8000000417232513        1.8811068861881415     
   2.8500000424683094        1.9341631100264776     
   2.9000000432133675        1.9867188032234686     
   2.9500000439584255        2.0386674702635208     
   3.0000000447034836        2.0899012011336175     
   3.0500000454485416        2.1403107173140405     
   3.1000000461935997        2.1897854162737591     
   3.1500000469386578        2.2382134145191013     
   3.2000000476837158        2.2854815892427500     
   3.2500000484287739        2.3314756186185708     
   3.3000000491738319        2.3760800207862989     
   3.3500000499188900        2.4191781915686876     
   3.4000000506639481        2.4606524409623258     
   3.4500000514090061        2.5003840284420003     
   3.5000000521540642        2.5382531971171782     
   3.5500000528991222        2.5741392067779314     
   3.6000000536441803        2.6079203658664114     
   3.6500000543892384        2.6394740624088096     
   3.7000000551342964        2.6686767939416010     
   3.7500000558793545        2.6954041964647715     
   3.8000000566244125        2.7195310724536634     
   3.8500000573694706        2.7409314179600521     
   3.9000000581145287        2.7594784488320601     
   3.9500000588595867        2.7750446260815611     
   4.0000000596046448        2.7875016804267960     
   4.0500000603497028        2.7967206360370116     
   4.1000000610947609        2.8025718335050702     
   4.1500000618398190        2.8049249520731343     
   4.2000000625848770        2.8036490311357065     
   4.2500000633299351        2.7986124910435257     
   4.3000000640749931        2.7896831532310467     
   4.3500000648200512        2.7767282596894995     
   4.4000000655651093        2.7596144918068073     
   4.4500000663101673        2.7382079885949411     
   4.5000000670552254        2.7123743643246394     
   4.5500000678002834        2.6819787255867520     
   4.6000000685453415        2.6468856877988545     
   4.6500000692903996        2.6069593911751716     
   4.7000000700354576        2.5620635161772549     
   4.7500000707805157        2.5120612984623016     
   4.8000000715255737        2.4568155433454448     
   4.8500000722706318        2.3961886397918208     
   4.9000000730156898        2.3300425739536998     
