   0.0000000000000000        3.0607390681723111E-005
   5.0000000745058060E-002   2.2070972412580492E-004
  0.10000000149011612        7.2045602852002549E-004
  0.15000000223517418        1.6701222522236174E-003
  0.20000000298023224        3.2005492374517076E-003
  0.25000000372529030        5.4334465436472017E-003
  0.30000000447034836        8.4816894147181007E-003
  0.35000000521540642        1.2449606014556466E-002
  0.40000000596046448        1.7433255325351948E-002
  0.45000000670552254        2.3520696010319704E-002
  0.50000000745058060        3.0792246534673790E-002
  0.55000000819563866        3.9320736829072625E-002
  0.60000000894069672        4.9171751770523159E-002
  0.65000000968575478        6.0403866746789478E-002
  0.70000001043081284        7.3068875561701371E-002
  0.75000001117587090        8.7212010930389522E-002
  0.80000001192092896       0.10287215780537715     
  0.85000001266598701       0.12008205976662432     
  0.90000001341104507       0.13886851870104258     
  0.95000001415610313       0.15925258798966449     
   1.0000000149011612       0.18124975941355953     
   1.0500000156462193       0.20487014398272352     
   1.1000000163912773       0.23011864688552924     
   1.1500000171363354       0.25699513674990115     
   1.2000000178813934       0.28549460940116178     
   1.2500000186264515       0.31560734629548426     
   1.3000000193715096       0.34731906780206712     
   1.3500000201165676       0.38061108150151923     
   1.4000000208616257       0.41546042566249713     
   1.4500000216066837       0.45184000805336788     
   1.5000000223517418       0.48971874024057377     
   1.5500000230967999       0.52906166752044348     
   1.6000000238418579       0.56983009462642331     
   1.6500000245869160       0.61198170734908475     
   1.7000000253319740       0.65547069020180126     
   1.7500000260770321       0.70024784026066300     
   1.8000000268220901       0.74626067730302115     
   1.8500000275671482       0.79345355036500631     
   1.9000000283122063       0.84176774083445449     
   1.9500000290572643       0.89114156219188811     
   2.0000000298023224       0.94151045650853549     
   2.0500000305473804       0.99280708780683113     
   2.1000000312924385        1.0449614323854088     
   2.1500000320374966        1.0979008662072840     
   2.2000000327825546        1.1515502494467109     
   2.2500000335276127        1.2058320082870997     
   2.3000000342726707        1.2606662140593690     
   2.3500000350177288        1.3159706598072085     
   2.4000000357627869        1.3716609343629120     
   2.4500000365078449        1.4276504940147217     
   2.5000000372529030        1.4838507318439920     
   2.5500000379979610        1.5401710448079391     
   2.6000000387430191        1.5965188986412717     
   2.6500000394880772        1.6527998906476224     
   2.7000000402331352        1.7089178104493892     
   2.7500000409781933        1.7647746987623671     
   2.8000000417232513        1.8202709042593925     
   2.8500000424683094        1.8753051385851316     
   2.9000000432133675        1.9297745295821285     
   2.9500000439584255        1.9835746727862711     
   3.0000000447034836        2.0365996812479414     
   3.0500000454485416        2.0887422337332913     
   3.1000000461935997        2.1398936213583073     
   3.1500000469386578        2.1899437927066283     
   3.2000000476837158        2.2387813974804054     
   3.2500000484287739        2.2862938287319094     
   3.3000000491738319        2.3323672637220243     
   3.3500000499188900        2.3768867034502761     
   3.4000000506639481        2.4197360108995905     
   3.4500000514090061        2.4607979480375635     
   3.5000000521540642        2.4999542116146838     
   3.5500000528991222        2.5370854677986139     
   3.6000000536441803        2.5720713856823809     
   3.6500000543892384        2.6047906697030871     
   3.7000000551342964        2.6351210910065639     
   3.7500000558793545        2.6629395177922408     
   3.8000000566244125        2.6881219446713880     
   3.8500000573694706        2.7105435210708082     
   3.9000000581145287        2.7300785787130168     
   3.9500000588595867        2.7466006582029365     
   4.0000000596046448        2.7599825347501570     
   4.0500000603497028        2.7700962430548635     
   4.1000000610947609        2.7768131013846324     
   4.1500000618398190        2.7800037348683939     
   4.2000000625848770        2.7795380980330222     
   4.2500000633299351        2.7752854966071725     
   4.3000000640749931        2.7671146086161942     
   4.3500000648200512        2.7548935047911653     
   4.4000000655651093        2.7384896683143531     
   4.4500000663101673        2.7177700139226730     
   4.5000000670552254        2.6926009063900214     
   4.5500000678002834        2.6628481784086775     
   4.6000000685453415        2.6283771478893123     
   4.6500000692903996        2.5890526346985077     
   4.7000000700354576        2.5447389768520736     
   4.7500000707805157        2.4953000461818622     
   4.8000000715255737        2.4405992634931901     
   4.8500000722706318        2.3804996132294365     
   4.9000000730156898        2.3148636576598389     
