   0.0000000000000000       0.96771905558860871     
   5.0000000745058060E-002  0.93644080650008954     
  0.10000000149011612       0.90650058465264849     
  0.15000000223517418       0.87799987078979813     
  0.20000000298023224       0.85103746552166792     
  0.25000000372529030       0.82570394146053960     
  0.30000000447034836       0.80208205277443445     
  0.35000000521540642       0.78024698581479102     
  0.40000000596046448       0.76026660526536116     
  0.45000000670552254       0.74220169219535981     
  0.50000000745058060       0.72610617437492764     
  0.55000000819563866       0.71202734910209853     
  0.60000000894069672       0.70000609878481090     
  0.65000000968575478       0.69007709951352370     
  0.70000001043081284       0.68226902285233870     
  0.75000001117587090       0.67660473106912122     
  0.80000001192092896       0.67310146601794296     
  0.85000001266598701       0.67177103188023413     
  0.90000001341104507       0.67261997196432166     
  0.95000001415610313       0.67564973975653841     
   1.0000000149011612       0.68085686441080573     
   1.0500000156462193       0.68823311085751737     
   1.1000000163912773       0.69776563470667097     
   1.1500000171363354       0.70943713211450588     
   1.2000000178813934       0.72322598477740363     
   1.2500000186264515       0.73910640021148211     
   1.3000000193715096       0.75704854747116290     
   1.3500000201165676       0.77701868845500977     
   1.4000000208616257       0.79897930494231140     
   1.4500000216066837       0.82288922149921895     
   1.5000000223517418       0.84870372438873509     
   1.5500000230967999       0.87637467661448454     
   1.6000000238418579       0.90585062922397119     
   1.6500000245869160       0.93707692899294093     
   1.7000000253319740       0.96999582260851336     
   1.7500000260770321        1.0045465574649224     
   1.8000000268220901        1.0406654791820005     
   1.8500000275671482        1.0782861259529650     
   1.9000000283122063        1.1173393198245962     
   1.9500000290572643        1.1577532550095486     
   2.0000000298023224        1.1994535833272901     
   2.0500000305473804        1.2423634968670298     
   2.1000000312924385        1.2864038079629585     
   2.1500000320374966        1.3314930265691867     
   2.2000000327825546        1.3775474351189287     
   2.2500000335276127        1.4244811609497283     
   2.3000000342726707        1.4722062463738623     
   2.3500000350177288        1.5206327164704878     
   2.4000000357627869        1.5696686446736074     
   2.4500000365078449        1.6192202162275191     
   2.5000000372529030        1.6691917895790862     
   2.5500000379979610        1.7194859557739099     
   2.6000000387430191        1.7700035959213052     
   2.6500000394880772        1.8206439367908707     
   2.7000000402331352        1.8713046046014008     
   2.7500000409781933        1.9218816770609153     
   2.8000000417232513        1.9722697337146675     
   2.8500000424683094        2.0223619046561474     
   2.9000000432133675        2.0720499176543030     
   2.9500000439584255        2.1212241437484747     
   3.0000000447034836        2.1697736413608655     
   3.0500000454485416        2.2175861989747450     
   3.1000000461935997        2.2645483764250218     
   3.1500000469386578        2.3105455448463021     
   3.2000000476837158        2.3554619253220834     
   3.2500000484287739        2.3991806262773152     
   3.3000000491738319        2.4415836796551851     
   3.3500000499188900        2.4825520759176576     
   3.4000000506639481        2.5219657979080141     
   3.4500000514090061        2.5597038536123899     
   3.5000000521540642        2.5956443078561091     
   3.5500000528991222        2.6296643129694504     
   3.6000000536441803        2.6616401384563519     
   3.6500000543892384        2.6914471996984726     
   3.7000000551342964        2.7189600857259744     
   3.7500000558793545        2.7440525860853704     
   3.8000000566244125        2.7665977168337976     
   3.8500000573694706        2.7864677456881135     
   3.9000000581145287        2.8035342163563026     
   3.9500000588595867        2.8176679720777744     
   4.0000000596046448        2.8287391783982754     
   4.0500000603497028        2.8366173452043029     
   4.1000000610947609        2.8411713480410956     
   4.1500000618398190        2.8422694487374938     
   4.2000000625848770        2.8397793153602078     
   4.2500000633299351        2.8335680415192956     
   4.3000000640749931        2.8235021650459462     
   4.3500000648200512        2.8094476860629771     
   4.4000000655651093        2.7912700844677896     
   4.4500000663101673        2.7688343368468873     
   4.5000000670552254        2.7420049328404397     
   4.5500000678002834        2.7106458909747682     
   4.6000000685453415        2.6746207739800614     
   4.6500000692903996        2.6337927036100504     
   4.7000000700354576        2.5880243749798391     
   4.7500000707805157        2.5371780704375597     
   4.8000000715255737        2.4811156729850050     
   4.8500000722706318        2.4196986792619053     
   4.9000000730156898        2.3527882121080377     
