   0.0000000000000000        1.1611768592191083     
   5.0000000745058060E-002   1.1236095507668513     
  0.10000000149011612        1.0875837320194719     
  0.15000000223517418        1.0531953129726761     
  0.20000000298023224        1.0205366336909703     
  0.25000000372529030       0.98969204329062788     
  0.30000000447034836       0.96073827411297830     
  0.35000000521540642       0.93374468649253728     
  0.40000000596046448       0.90877350852179795     
  0.45000000670552254       0.88588006794587060     
  0.50000000745058060       0.86511301651921846     
  0.55000000819563866       0.84651454706764961     
  0.60000000894069672       0.83012060349279504     
  0.65000000968575478       0.81596108394853728     
  0.70000001043081284       0.80406003741139698     
  0.75000001117587090       0.79443585385966298     
  0.80000001192092896       0.78710144826907269     
  0.85000001266598701       0.78206443862608821     
  0.90000001341104507       0.77932731815328005     
  0.95000001415610313       0.77888762193500527     
   1.0000000149011612       0.78073808812544676     
   1.0500000156462193       0.78486681391516311     
   1.1000000163912773       0.79125740642656861     
   1.1500000171363354       0.79988912870322482     
   1.2000000178813934       0.81073704095246124     
   1.2500000186264515       0.82377213719565834     
   1.3000000193715096       0.83896147747550698     
   1.3500000201165676       0.85626831576470408     
   1.4000000208616257       0.87565222371584783     
   1.4500000216066837       0.89706921038774945     
   1.5000000223517418       0.92047183807898569     
   1.5500000230967999       0.94580933439525861     
   1.6000000238418579       0.97302770067301703     
   1.6500000245869160        1.0020698168778115     
   1.7000000253319740        1.0328755430920022     
   1.7500000260770321        1.0653818177027135     
   1.8000000268220901        1.0995227523973221     
   1.8500000275671482        1.1352297240702796     
   1.9000000283122063        1.1724314637416904     
   1.9500000290572643        1.2110541425848096     
   2.0000000298023224        1.2510214551564547     
   2.0500000305473804        1.2922546999212809     
   2.1000000312924385        1.3346728571579023     
   2.1500000320374966        1.3781926643319882     
   2.2000000327825546        1.4227286890186912     
   2.2500000335276127        1.4681933994540886     
   2.3000000342726707        1.5144972327927255     
   2.3500000350177288        1.5615486611458462     
   2.4000000357627869        1.6092542554724674     
   2.4500000365078449        1.6575187473931103     
   2.5000000372529030        1.7062450889937313     
   2.5500000379979610        1.7553345106851970     
   2.6000000387430191        1.8046865771815281     
   2.6500000394880772        1.8541992416580757     
   2.7000000402331352        1.9037688981488070     
   2.7500000409781933        1.9532904322399574     
   2.8000000417232513        2.0026572701154350     
   2.8500000424683094        2.0517614260075736     
   2.9000000432133675        2.1004935481050797     
   2.9500000439584255        2.1487429629683361     
   3.0000000447034836        2.1963977185005943     
   3.0500000454485416        2.2433446255220084     
   3.1000000461935997        2.2894692979919404     
   3.1500000469386578        2.3346561919234814     
   3.2000000476837158        2.3787886430327148     
   3.2500000484287739        2.4217489031638575     
   3.3000000491738319        2.4634181755300806     
   3.3500000499188900        2.5036766488085158     
   3.4000000506639481        2.5424035301267027     
   3.4500000514090061        2.5794770769765218     
   3.5000000521540642        2.6147746280904811     
   3.5500000528991222        2.6481726333140978     
   3.6000000536441803        2.6795466825070160     
   3.6500000543892384        2.7087715335044358     
   3.7000000551342964        2.7357211391694114     
   3.7500000558793545        2.7602686735655744     
   3.8000000566244125        2.7822865572788826     
   3.8500000573694706        2.8016464819160607     
   3.9000000581145287        2.8182194338065050     
   3.9500000588595867        2.8318757169335456     
   4.0000000596046448        2.8424849751201284     
   4.0500000603497028        2.8499162134931542     
   4.1000000610947609        2.8540378192499301     
   4.1500000618398190        2.8547175817494246     
   4.2000000625848770        2.8518227119502786     
   4.2500000633299351        2.8452198612168127     
   4.3000000640749931        2.8347751395135794     
   4.3500000648200512        2.8203541330083404     
   4.4000000655651093        2.8018219211027038     
   4.4500000663101673        2.7790430929090304     
   4.5000000670552254        2.7518817631916126     
   4.5500000678002834        2.7202015877895449     
   4.6000000685453415        2.6838657785381370     
   4.6500000692903996        2.6427371177051762     
   4.7000000700354576        2.5966779719578095     
   4.7500000707805157        2.5455503058753113     
   4.8000000715255737        2.4892156950224980     
   4.8500000722706318        2.4275353385980760     
   4.9000000730156898        2.3603700716717428     
